--------- beginning of /dev/log/main
V/Pose_estimation(13053): position_fused;0.7758855819702148;-0.15195101499557495;0.6123030185699463;-0.6176674962043762;0.01459032204002142;0.7863036394119263;-0.12841254472732544;-0.9882816672325134;-0.08253579586744308;62.486482945240034;266.12763014959614;265.08876664283514;
V/Pose_estimation(13053): error;-1.274602241398945;-3.56608126160927;0.016468242074779482
V/Pose_estimation(13053): position;62.3199;265.2315;264.9966
V/Pose_estimation(13053): position_fused;0.7758855819702148;-0.15195101499557495;0.6123030185699463;-0.6176674962043762;0.01459032204002142;0.7863036394119263;-0.12841254472732544;-0.9882816672325134;-0.08253579586744308;62.31987920935727;265.23148742985387;264.99658597976935;
V/Pose_estimation(13053): stdev;0.0016157385437873019;2.9187811695621233E-5;8.916511525603708E-4
V/Pose_estimation(13053): variance;2.6106110418799107E-6;8.519283515790436E-10;7.950417778622377E-7
V/Pose_estimation(13053): mean;-6.928435126543045;-3.4613046967983245;9.832601795196535
V/Pose_estimation(13053): error;-1.1177448456662304;-2.758962865859644;0.09517859721285049
V/Pose_estimation(13053): position;62.163;264.4244;264.9179
V/Pose_estimation(13053): position_fused;0.7758855819702148;-0.15195101499557495;0.6123030185699463;-0.6176674962043762;0.01459032204002142;0.7863036394119263;-0.12841254472732544;-0.9882816672325134;-0.08253579586744308;62.16302181362455;264.42436903410425;264.9178756246313;
V/Pose_estimation(13053): stdev;0.0027849310266446995;2.915913218778599E-5;2.7328863252478185E-4
V/Pose_estimation(13053): variance;7.7558408231683E-6;8.502549899447769E-10;7.468667666726525E-8
V/Pose_estimation(13053): mean;-6.912598077058791;-3.461184945106506;9.851761875152588
V/Pose_estimation(13053): position_markerdetection;0.12566383006752435;0.9918865608576781;0.01922634137551138;0.8690516986321699;-0.100712994675473;-0.48436147432267784;-0.47849529456129486;0.07757540263141068;-0.8746566812122766;61.11185381480275;261.56502264132536;265.2876066486601;
V/Pose_estimation(13053): position_markerdetection;0.12566383006752435;0.9918865608576781;0.01922634137551138;0.8690516986321699;-0.100712994675473;-0.48436147432267784;-0.47849529456129486;0.07757540263141068;-0.8746566812122766;61.11185381480275;261.56502264132536;265.2876066486601;
V/Pose_estimation(13053): error;-0.9141661929067766;-2.125927803532818;0.3945703834087908
V/Pose_estimation(13053): position;62.026;263.691;264.893
V/Pose_estimation(13053): position_fused;0.7758855819702148;-0.15195101499557495;0.6123030185699463;-0.6176674962043762;0.01459032204002142;0.7863036394119263;-0.12841254472732544;-0.9882816672325134;-0.08253579586744308;62.026020007709526;263.6909504448582;264.8930362652513;
V/Pose_estimation(13053): stdev;0.0019726460751053306;9.872382698134173E-5;1.759927438251907E-4
V/Pose_estimation(13053): variance;3.8913325376284655E-6;9.746394013841898E-9;3.0973445879119206E-8
V/Pose_estimation(13053): mean;-6.898377696275711;-3.4582211101055145;9.861731204986572
V/Pose_estimation(13053): error;-0.786679817812157;-1.4752925465256794;0.41126429037353773
V/Pose_estimation(13053): position;61.8985;263.0403;264.8763
V/Pose_estimation(13053): position_fused;0.7758855819702148;-0.15195101499557495;0.6123030185699463;-0.6176674962043762;0.01459032204002142;0.7863036394119263;-0.12841254472732544;-0.9882816672325134;-0.08253579586744308;61.89853363261491;263.04031518785104;264.87634235828654;
V/Pose_estimation(13053): stdev;6.188428273935642E-4;6.156104420966813E-5;2.8793031910026915E-4
V/Pose_estimation(13053): variance;3.829664450164607E-7;3.789762164184714E-9;8.290386865718282E-8
V/Pose_estimation(13053): mean;-6.885085335969924;-3.4560356581211087;9.867149982452393
V/Pose_estimation(13053): position_markerdetection;0.12562195465614848;0.9918950519393531;0.0190612288847468;0.8690432075504952;-0.10075487008684897;-0.48436800014465153;-0.47852171102126134;0.07741228644091525;-0.8746566812122766;61.13250918111452;261.55300595626926;265.3385169846731;
V/Pose_estimation(13053): position_markerdetection;0.12562195465614848;0.9918950519393531;0.0190612288847468;0.8690432075504952;-0.10075487008684897;-0.48436800014465153;-0.47852171102126134;0.07741228644091525;-0.8746566812122766;61.13250918111452;261.55300595626926;265.3385169846731;
V/Pose_estimation(13053): error;-0.6512024959543723;-0.9138176767537516;0.46396557586894005
V/Pose_estimation(13053): position;61.7837;262.4668;264.8746
V/Pose_estimation(13053): position_fused;0.7758855819702148;-0.15195101499557495;0.6123030185699463;-0.6176674962043762;0.01459032204002142;0.7863036394119263;-0.12841254472732544;-0.9882816672325134;-0.08253579586744308;61.783711677068894;262.466823633023;264.87455140880417;
V/Pose_estimation(13053): stdev;5.263376774701102E-4;8.448579332757334E-5;1.1665765247016678E-4
V/Pose_estimation(13053): variance;2.770313507246297E-7;7.137849274189436E-9;1.360900787985021E-8
V/Pose_estimation(13053): mean;-6.879606763124466;-3.4575026059150695;9.87595163345337
V/Pose_estimation(13053): error;-0.5457160391218494;-0.41446851245524385;0.4600123780141985
V/Pose_estimation(13053): position;61.6782;261.9675;264.8785
V/Pose_estimation(13053): position_markerdetection;0.12520005170066753;0.9919546848496354;0.01873099727752699;0.8690606348938171;-0.1005423946713049;-0.4843808829337871;-0.4786006267569086;0.07692288397232708;-0.8746566812122766;61.20005358427137;261.55499143413397;265.28302274648036;
V/Pose_estimation(13053): position_fused;0.7758855819702148;-0.15195101499557495;0.6123030185699463;-0.6176674962043762;0.01459032204002142;0.7863036394119263;-0.12841254472732544;-0.9882816672325134;-0.08253579586744308;61.67822522023637;261.9674744687245;264.8785046066589;
V/Pose_estimation(13053): position_markerdetection;0.12520005170066753;0.9919546848496354;0.01873099727752699;0.8690606348938171;-0.1005423946713049;-0.4843808829337871;-0.4786006267569086;0.07692288397232708;-0.8746566812122766;61.20005358427137;261.55499143413397;265.28302274648036;
V/Pose_estimation(13053): stdev;5.007758330657453E-4;1.6758773045211228E-4;4.713087291747797E-5
V/Pose_estimation(13053): variance;2.5077643498269116E-7;2.8085647398089842E-8;2.2213191819634584E-9
V/Pose_estimation(13053): mean;-6.881462899446487;-3.4529520714282986;9.878406581878663
V/Pose_estimation(13053): error;-0.39188670532271885;0.017799309772613015;0.4039879011623384
V/Pose_estimation(13053): position;61.5919;261.5372;264.879
V/Pose_estimation(13053): position_fused;0.7758855819702148;-0.15195101499557495;0.6123030185699463;-0.6176674962043762;0.01459032204002142;0.7863036394119263;-0.12841254472732544;-0.9882816672325134;-0.08253579586744308;61.59194028959409;261.53719212436135;264.879034845318;
V/Pose_estimation(13053): stdev;3.078349110046474E-4;1.7937004537976975E-4;4.246210919518489E-5
V/Pose_estimation(13053): variance;9.476233243323919E-8;3.217361317954066E-8;1.8030307173038052E-9
V/Pose_estimation(13053): mean;-6.8845465099811545;-3.453580763339996;9.879244861602784
V/Pose_estimation(13053): error;-0.31353636133227525;0.3872624707847194;0.3991282170397312
V/Pose_estimation(13053): position;61.5136;261.1677;264.8839
V/Pose_estimation(13053): position_fused;0.7758855819702148;-0.15195101499557495;0.6123030185699463;-0.6176674962043762;0.01459032204002142;0.7863036394119263;-0.12841254472732544;-0.9882816672325134;-0.08253579586744308;61.51358994560365;261.16772896334925;264.8838945294406;
V/Pose_estimation(13053): stdev;3.0867403464526435E-4;1.3734764036605896E-4;1.221586124302121E-4
V/Pose_estimation(13053): variance;9.527965966418586E-8;1.886437431412427E-8;1.492272659087477E-8
V/Pose_estimation(13053): mean;-6.88457645535469;-3.4571433508396145;9.884364185333252
V/Pose_estimation(13053): error;-0.2436123394909515;0.6896571103525844;0.3892889479583346
V/Pose_estimation(13053): position;61.4437;260.8653;264.8937
V/Pose_estimation(13053): position_markerdetection;0.12504460924317157;0.9919861383556;0.018092733612328046;0.8687009016449759;-0.10065801656877867;-0.4850017599778843;-0.4792938442964069;0.07636402956093678;-0.8743259951578634;61.38666900127597;261.5956866491184;264.9559897076466;
V/Pose_estimation(13053): position_fused;0.7758855819702148;-0.15195101499557495;0.6123030185699463;-0.6176674962043762;0.01459032204002142;0.7863036394119263;-0.12841254472732544;-0.9882816672325134;-0.08253579586744308;61.443665923762325;260.8653343237814;264.893733798522;
V/Pose_estimation(13053): stdev;3.5653412859119264E-4;2.48332510836704E-4;1.2488223634136373E-4
V/Pose_estimation(13053): variance;1.271165848502811E-7;6.166903593846173E-8;1.5595572953620227E-8
V/Pose_estimation(13053): mean;-6.885474578142166;-3.4510659897327423;9.882088909149171
V/Pose_estimation(13053): position_markerdetection;0.12504460924317157;0.9919861383556;0.018092733612328046;0.8687009016449759;-0.10065801656877867;-0.4850017599778843;-0.4792938442964069;0.07636402956093678;-0.8743259951578634;61.38666900127597;261.5956866491184;264.9559897076466;
V/Pose_estimation(13053): error;-0.02196822471792359;0.9774412280656293;0.09828360448352669
V/Pose_estimation(13053): position;61.4086;260.6182;264.8577
V/Pose_estimation(13053): position_fused;0.7758855819702148;-0.15195101499557495;0.6123030185699463;-0.6176674962043762;0.01459032204002142;0.7863036394119263;-0.12841254472732544;-0.9882816672325134;-0.08253579586744308;61.40863722599389;260.6182454210528;264.8577061031631;
V/Pose_estimation(13053): stdev;3.839392120289631E-4;1.7461617677078323E-4;1.4794048642215787E-4
V/Pose_estimation(13053): variance;1.4740931853342107E-7;3.0490809190045414E-8;2.1886387522824677E-8
V/Pose_estimation(13053): mean;-6.884217158555984;-3.4469345772266387;9.884094676971436
V/Pose_estimation(13053): position_markerdetection;0.12529869705055657;0.9919600523112505;0.01776207015226535;0.8686499410290107;-0.10103819522922036;-0.4850139823294972;-0.4793198477715363;0.07620064122750612;-0.8743259951578634;61.53866375992685;261.58131378307104;264.9842674096558;
V/Pose_estimation(13053): position_markerdetection;0.12529869705055657;0.9919600523112505;0.01776207015226535;0.8686499410290107;-0.10103819522922036;-0.4850139823294972;-0.4793198477715363;0.07620064122750612;-0.8743259951578634;61.53866375992685;261.58131378307104;264.9842674096558;
V/Pose_estimation(13053): error;0.13759375797538098;1.1645129744100586;0.15195042818146476
V/Pose_estimation(13053): position;61.4011;260.4168;264.8323
V/Pose_estimation(13053): position_fused;0.7758855819702148;-0.15195101499557495;0.6123030185699463;-0.6176674962043762;0.01459032204002142;0.7863036394119263;-0.12841254472732544;-0.9882816672325134;-0.08253579586744308;61.40107000195147;260.416800808661;264.8323169814743;
V/Pose_estimation(13053): stdev;3.771345737413867E-4;1.5538953803563514E-4;1.3148619087587578E-4
V/Pose_estimation(13053): variance;1.4223048671109743E-7;2.41459085309281E-8;1.728861839104724E-8
V/Pose_estimation(13053): mean;-6.884995547533035;-3.4521138036251067;9.884693393707277
V/Pose_estimation(13053): error;0.14242146363102393;1.322309379193939;0.1717465802948368
V/Pose_estimation(13053): position;61.3962;260.259;264.8125
V/Pose_estimation(13053): position_fused;0.7758855819702148;-0.15195101499557495;0.6123030185699463;-0.6176674962043762;0.01459032204002142;0.7863036394119263;-0.12841254472732544;-0.9882816672325134;-0.08253579586744308;61.396242296295824;260.2590044038771;264.81252082936095;
V/Pose_estimation(13053): stdev;2.3470100969461786E-4;1.695864326014629E-4;1.6960475659288932E-4
V/Pose_estimation(13053): variance;5.5084563951673104E-8;2.875955812249052E-8;2.8765773458933232E-8
V/Pose_estimation(13053): mean;-6.893677464723586;-3.4526526832580564;9.882837352752686
V/Pose_estimation(13053): position_markerdetection;0.12555275902143634;0.9919337936831584;0.017431398436227645;0.8685989367895852;-0.1014183734252948;-0.4850259792421117;-0.4793457955485863;0.076037244039384;-0.8743259951578632;61.68809918654581;261.6136416128488;264.9907363616475;
V/Pose_estimation(13053): position_markerdetection;0.12555275902143634;0.9919337936831584;0.017431398436227645;0.8685989367895852;-0.1014183734252948;-0.4850259792421117;-0.4793457955485863;0.076037244039384;-0.8743259951578632;61.68809918654581;261.6136416128488;264.9907363616475;
V/Pose_estimation(13053): error;0.2720851837252596;1.4678301460109537;0.19196561218416264
V/Pose_estimation(13053): position;61.416;260.1458;264.7988
V/Pose_estimation(13053): position_fused;0.7758855819702148;-0.15195101499557495;0.6123030185699463;-0.6176674962043762;0.01459032204002142;0.7863036394119263;-0.12841254472732544;-0.9882816672325134;-0.08253579586744308;61.41601400282055;260.14581146683787;264.79877074946336;
V/Pose_estimation(13053): stdev;4.662397199899715E-4;2.163143237409315E-4;8.367893538525094E-4
V/Pose_estimation(13053): variance;2.1737947649632707E-7;4.679188665549652E-8;7.002164227209002E-7
V/Pose_estimation(13053): mean;-6.9001439964771265;-3.454927953481674;9.891758785247804
V/Pose_estimation(13053): error;0.2521013838710786;1.5475218013053222;0.20142600124592036
V/Pose_estimation(13053): position;61.436;260.0661;264.7893
V/Pose_estimation(13053): position_fused;0.7758855819702148;-0.15195101499557495;0.6123030185699463;-0.6176674962043762;0.01459032204002142;0.7863036394119263;-0.12841254472732544;-0.9882816672325134;-0.08253579586744308;61.435997802674734;260.0661198115435;264.7893103604016;
V/Pose_estimation(13053): stdev;0.0010039693461294519;1.0898102208635406E-4;0.005959454109470244
V/Pose_estimation(13053): variance;1.0079544479675991E-6;1.1876863174986391E-8;3.551509328288178E-5
V/Pose_estimation(13053): mean;-6.884606305360793;-3.4647774720191955;9.859485874176027
V/Pose_estimation(13053): error;0.23228703265402117;1.5967796899712425;0.2070115475679586
V/Pose_estimation(13053): position;61.4558;260.0169;264.7837
V/Pose_estimation(13053): position_fused;0.7758855819702148;-0.15195101499557495;0.6123030185699463;-0.6176674962043762;0.01459032204002142;0.7863036394119263;-0.12841254472732544;-0.9882816672325134;-0.08253579586744308;61.45581215389179;260.0168619228776;264.78372481407956;
V/Pose_estimation(13053): stdev;0.0029985875516922536;1.9401177852508057E-4;0.006203874861457734
V/Pose_estimation(13053): variance;8.991527305163744E-6;3.764057020646491E-8;3.848806329662722E-5
V/Pose_estimation(13053): mean;-6.910652199983597;-3.462771644592285;9.839277896881104
V/Pose_estimation(13053): position_markerdetection;0.12554689210517897;0.9919347243352;0.017420692890397212;0.8687621828316787;-0.10144426867514655;-0.4847280990766898;-0.47905140388508105;0.07599054553703147;-0.8744913889940351;61.60234097783167;261.55952118534657;264.97566051727887;
V/Pose_estimation(13053): position_markerdetection;0.12554689210517897;0.9919347243352;0.017420692890397212;0.8687621828316787;-0.10144426867514655;-0.4847280990766898;-0.47905140388508105;0.07599054553703147;-0.8744913889940351;61.60234097783167;261.55952118534657;264.97566051727887;
V/Pose_estimation(13053): error;0.13979516831687278;1.5741295918099354;0.19655156221500647
V/Pose_estimation(13053): position;61.4625;259.9854;264.7791
V/Pose_estimation(13053): position_fused;0.7758855819702148;-0.15195101499557495;0.6123030185699463;-0.6176674962043762;0.01459032204002142;0.7863036394119263;-0.12841254472732544;-0.9882816672325134;-0.08253579586744308;61.4625458095148;259.98539159353663;264.77910895506386;
V/Pose_estimation(13053): stdev;0.0029035491724471287;2.1195511920502953E-4;0.006404831746112905
V/Pose_estimation(13053): variance;8.430597796818405E-6;4.492497255721828E-8;4.1021869696015676E-5
V/Pose_estimation(13053): mean;-6.922956649065017;-3.4611250662803648;9.841912326812745
V/Pose_estimation(13053): position_fused;0.7652803063392639;-0.14123886823654175;0.6280128359794617;-0.6310194134712219;0.028077762573957443;0.7752583622932434;-0.12712901830673218;-0.9895786643028259;-0.067638099193573;61.4625458095148;259.98539159353663;264.77910895506386;
V/Pose_estimation(13053): error;0.13239845089731972;1.582041515873243;0.19822034415921053
V/Pose_estimation(13053): position;61.4699;259.9775;264.7774
V/Pose_estimation(13053): position_markerdetection;0.12621141170991332;0.9918507673830607;0.017399275727005812;0.869018975168631;-0.10208850552711221;-0.4841321698008741;-0.47841059807559894;0.07622330536571086;-0.87482187179338;61.82777017928696;261.25751428186277;265.3490402849308;
V/Pose_estimation(13053): position_fused;0.7652803063392639;-0.14123886823654175;0.6280128359794617;-0.6310194134712219;0.028077762573957443;0.7752583622932434;-0.12712901830673218;-0.9895786643028259;-0.067638099193573;61.469942526934354;259.9774796694733;264.77744017311966;
V/Pose_estimation(13053): stdev;0.003353256646209957;7.206126621236563E-4;0.008326894688070751
V/Pose_estimation(13053): variance;1.1244330135351247E-5;5.192826088129428E-7;6.93371751462209E-5
V/Pose_estimation(13053): mean;-6.939721766710281;-3.4483117127418517;9.858108577728272
V/Pose_estimation(13053): position_markerdetection;0.12621141170991332;0.9918507673830607;0.017399275727005812;0.869018975168631;-0.10208850552711221;-0.4841321698008741;-0.47841059807559894;0.07622330536571086;-0.87482187179338;61.82777017928696;261.25751428186277;265.3490402849308;
V/Pose_estimation(13053): position_fused;0.7652803063392639;-0.14040309190750122;0.6282002329826355;-0.6310194134712219;0.029109369963407516;0.7752202749252319;-0.12712904810905457;-0.9896677732467651;-0.0663212463259697;61.469942526934354;259.9774796694733;264.77744017311966;
V/Pose_estimation(13053): error;0.31652497959533576;1.3119371810659004;0.5152096471963432
V/Pose_estimation(13053): position;61.5112;259.9456;264.8338
V/Pose_estimation(13053): position_fused;0.7652803063392639;-0.14040309190750122;0.6282002329826355;-0.6310194134712219;0.029109369963407516;0.7752202749252319;-0.12712904810905457;-0.9896677732467651;-0.0663212463259697;61.51124519969162;259.94557710079687;264.8338306377345;
V/Pose_estimation(13053): stdev;0.006244514874729249;0.001005680046212163;0.0109518248544191
V/Pose_estimation(13053): variance;3.899396602071485E-5;1.011392355349298E-6;1.1994246764187195E-4
V/Pose_estimation(13053): mean;-6.9149333393573755;-3.4529520654678345;9.8019753074646
V/Pose_estimation(13053): error;0.27757246487875165;1.3243449479469973;0.46088434519663224
V/Pose_estimation(13053): position;61.5502;259.9332;264.8882
V/Pose_estimation(13053): position_fused;0.7652803063392639;-0.14040309190750122;0.6282002329826355;-0.6310194134712219;0.029109369963407516;0.7752202749252319;-0.12712904810905457;-0.9896677732467651;-0.0663212463259697;61.550197714408206;259.93316933391577;264.8881559397342;
V/Pose_estimation(13053): stdev;0.006179239562047768;0.005148038556302481;0.009130958348978311
V/Pose_estimation(13053): variance;3.8183001565176296E-5;2.6502300977176936E-5;8.337440037077673E-5
V/Pose_estimation(13053): mean;-6.915352479219436;-3.4792673432826993;9.820207271575928
V/Pose_estimation(13053): position_markerdetection;0.12621141170991332;0.9918507673830607;0.017399275727005812;0.869018975168631;-0.10208850552711221;-0.4841321698008741;-0.47841059807559894;0.07622330536571086;-0.87482187179338;61.789509229999496;261.19950818695224;265.50515005038636;
V/Pose_estimation(13053): position_markerdetection;0.12621141170991332;0.9918507673830607;0.017399275727005812;0.869018975168631;-0.10208850552711221;-0.4841321698008741;-0.47841059807559894;0.07622330536571086;-0.87482187179338;61.789509229999496;261.19950818695224;265.50515005038636;
V/Pose_estimation(13053): error;0.20827685268210416;1.2714604062770718;0.5415385150657812
V/Pose_estimation(13053): position;61.5812;259.928;264.9636
V/Pose_estimation(13053): position_fused;0.7652803063392639;-0.14040309190750122;0.6282002329826355;-0.6310194134712219;0.029109369963407516;0.7752202749252319;-0.12712904810905457;-0.9896677732467651;-0.0663212463259697;61.58123237731739;259.9280477806752;264.9636115353206;
V/Pose_estimation(13053): stdev;0.00454103337248398;0.02464262235300737;0.013111473333265167
V/Pose_estimation(13053): variance;2.062098409001323E-5;6.072588364329385E-4;1.719107329689236E-4
V/Pose_estimation(13053): mean;-6.900952378511429;-3.5602788829803464;9.859335956573487
V/Pose_estimation(13053): position_fused;0.7593859434127808;-0.14040322601795197;0.6353128552436829;-0.6382246613502502;0.029109356924891472;0.7692992091178894;-0.1265048384666443;-0.9896677732467651;-0.06750454753637314;61.58123237731739;259.9280477806752;264.9636115353206;
V/Pose_estimation(13053): error;0.17919462386034724;1.2571499796934518;0.4699506654162633
V/Pose_estimation(13053): position;61.6103;259.9424;265.0352
V/Pose_estimation(13053): position_fused;0.7593859434127808;-0.14040322601795197;0.6353128552436829;-0.6382246613502502;0.029109356924891472;0.7692992091178894;-0.1265048384666443;-0.9896677732467651;-0.06750454753637314;61.61031460613915;259.9423582072588;265.0351993849701;
V/Pose_estimation(13053): stdev;0.004208146511869017;0.03138643014253972;0.014267940669960807
V/Pose_estimation(13053): variance;1.7708497065355375E-5;9.85107997092526E-4;2.0357413096152164E-4
V/Pose_estimation(13053): mean;-6.884696141481399;-3.6363806271553036;9.83463731765747
V/Pose_estimation(13053): position_markerdetection;0.12485886811465735;0.9920219394032079;0.017399275727005708;0.8691573688748866;-0.1009034701800763;-0.4841321698008741;-0.4785140867138716;0.07557090345044319;-0.87482187179338;61.67176046318825;260.7053989160633;265.2359633449646;
V/Pose_estimation(13053): position_fused;0.7591853141784668;-0.141483873128891;0.6353128552436829;-0.6381826400756836;0.03001762367784977;0.7692992091178894;-0.1279132068157196;-0.9894866943359375;-0.06750459223985672;61.61031460613915;259.9423582072588;265.0351993849701;
V/Pose_estimation(13053): position_markerdetection;0.12485886811465735;0.9920219394032079;0.017399275727005708;0.8691573688748866;-0.1009034701800763;-0.4841321698008741;-0.4785140867138716;0.07557090345044319;-0.87482187179338;61.67176046318825;260.7053989160633;265.2359633449646;
V/Pose_estimation(13053): error;0.051277638946487514;0.8347771619637001;0.17409978527001613
V/Pose_estimation(13053): position;61.6205;259.8706;265.0619
V/Pose_estimation(13053): position_fused;0.7591853141784668;-0.141483873128891;0.6353128552436829;-0.6381826400756836;0.03001762367784977;0.7692992091178894;-0.1279132068157196;-0.9894866943359375;-0.06750459223985672;61.62048282424176;259.8706217540996;265.0618635596946;
V/Pose_estimation(13053): stdev;0.009831907844773013;0.034636334523385985;0.01825058439571876
V/Pose_estimation(13053): variance;9.666641186810912E-5;0.0011996756692158998;3.330838307852531E-4
V/Pose_estimation(13053): mean;-6.813863459825515;-3.629794325828552;9.84855848312378
V/Pose_estimation(13053): position_fused;0.7639329433441162;-0.14027662575244904;0.6298662424087524;-0.6323913335800171;0.03149031475186348;0.7740083336830139;-0.12840917706489563;-0.9896127581596375;-0.06465422362089157;61.62048282424176;259.8706217540996;265.0618635596946;
V/Pose_estimation(13053): error;0.04226809182470248;0.858930883336825;0.14949534326086678
V/Pose_estimation(13053): position;61.6295;259.8465;265.0865
V/Pose_estimation(13053): position_fused;0.7639329433441162;-0.14027662575244904;0.6298662424087524;-0.6323913335800171;0.03149031475186348;0.7740083336830139;-0.12840917706489563;-0.9896127581596375;-0.06465422362089157;61.62949237136355;259.8464680327265;265.08646800170374;
V/Pose_estimation(13053): stdev;0.035148680691850134;0.044841419618926036;0.013824287320676375
V/Pose_estimation(13053): variance;0.0012354297543776384;0.0020107529134406046;1.911109199246136E-4
V/Pose_estimation(13053): mean;-6.895144406557082;-3.603000041246414;9.862988529205323
V/Pose_estimation(13053): position_fused;0.7654876112937927;-0.13802440464496613;0.6284747123718262;-0.6310718655586243;0.029629703611135483;0.7751578688621521;-0.12561143934726715;-0.9899868369102478;-0.06442313641309738;61.62949237136355;259.8464680327265;265.08646800170374;
V/Pose_estimation(13053): position_markerdetection;0.12277562379116798;0.9923263286777418;0.014649355468550052;0.8711193927914196;-0.10068379067535643;-0.4806389266361492;-0.4754757088489361;0.07177208167661964;-0.8767962240945193;62.66650516377014;259.54430533581;267.8273270960004;
V/Pose_estimation(13053): error;0.03496840890530706;0.8691759966125687;0.12692166990041187
V/Pose_estimation(13053): position;61.6368;259.8362;265.109
V/Pose_estimation(13053): position_markerdetection;0.12277562379116798;0.9923263286777418;0.014649355468550052;0.8711193927914196;-0.10068379067535643;-0.4806389266361492;-0.4754757088489361;0.07177208167661964;-0.8767962240945193;62.66650516377014;259.54430533581;267.8273270960004;
V/Pose_estimation(13053): position_fused;0.7654876112937927;-0.13802440464496613;0.6284747123718262;-0.6310718655586243;0.029629703611135483;0.7751578688621521;-0.12561143934726715;-0.9899868369102478;-0.06442313641309738;61.63679205428294;259.83622291945073;265.1090416750642;
V/Pose_estimation(13053): stdev;0.0682075794880484;0.045075883428105215;0.013424173317107487
V/Pose_estimation(13053): variance;0.004652273899618441;0.0020318352668241306;1.8020842924774063E-4
V/Pose_estimation(13053): mean;-7.001363555192947;-3.5932103955745696;9.886938724517822
V/Pose_estimation(13053): position_fused;0.7657572627067566;-0.13519614934921265;0.6287609338760376;-0.6311307549476624;0.03000790998339653;0.7750954031944275;-0.12365692853927612;-0.9903656244277954;-0.06234866380691528;61.63679205428294;259.83622291945073;265.1090416750642;
V/Pose_estimation(13053): error;0.874269557139634;-0.12018758425438136;2.308162797804073
V/Pose_estimation(13053): position;61.7922;259.6645;265.5192
V/Pose_estimation(13053): position_fused;0.7657572627067566;-0.13519614934921265;0.6287609338760376;-0.6311307549476624;0.03000790998339653;0.7750954031944275;-0.12365692853927612;-0.9903656244277954;-0.06234866380691528;61.792235606630506;259.6644929200644;265.5191642981963;
V/Pose_estimation(13053): stdev;0.08824380835309512;0.035363795334232506;0.011605415620069833
V/Pose_estimation(13053): variance;0.0077869697126577795;0.0012505980204414848;1.3468567171456087E-4
V/Pose_estimation(13053): mean;-7.092494097948074;-3.4926495099067685;9.875322780609132
V/Pose_estimation(13053): position_fused;0.7619755268096924;-0.12749788165092468;0.6349330544471741;-0.6370573043823242;0.0286746546626091;0.7702824473381042;-0.11641507595777512;-0.9914255738258362;-0.059375058859586716;61.792235606630506;259.6644929200644;265.5191642981963;
V/Pose_estimation(13053): error;0.7318658269098748;0.027483519155225622;1.9330686029372828
V/Pose_estimation(13053): position_markerdetection;0.12590499580981884;0.991908253458126;0.016307935239604464;0.8705955490534392;-0.10259539529438097;-0.4811835147142205;-0.47561678061068263;0.07478102423769922;-0.876468183344661;62.424348293224796;259.18423737668843;267.458579815029;
V/Pose_estimation(13053): position;61.9346;259.5168;265.8943
V/Pose_estimation(13053): position_fused;0.7619755268096924;-0.12749788165092468;0.6349330544471741;-0.6370573043823242;0.0286746546626091;0.7702824473381042;-0.11641507595777512;-0.9914255738258362;-0.059375058859586716;61.934639336860265;259.5168218166548;265.8942584930631;
V/Pose_estimation(13053): stdev;0.0946619689825502;0.020931854679470965;0.010413884404042617
V/Pose_estimation(13053): variance;0.008960888371653295;4.3814254032249056E-4;1.0844898838076206E-4
V/Pose_estimation(13053): mean;-7.079920283555984;-3.3473616418987513;9.926216945648195
V/Pose_estimation(13053): position_markerdetection;0.12590499580981884;0.991908253458126;0.016307935239604464;0.8705955490534392;-0.10259539529438097;-0.4811835147142205;-0.47561678061068263;0.07478102423769922;-0.876468183344661;62.424348293224796;259.18423737668843;267.458579815029;
V/Pose_estimation(13053): position_fused;0.7584110498428345;-0.12193643301725388;0.6402707099914551;-0.6417661309242249;0.03180920332670212;0.7662400007247925;-0.11379826813936234;-0.9920293688774109;-0.054131198674440384;61.934639336860265;259.5168218166548;265.8942584930631;
V/Pose_estimation(13053): error;0.3955721703060675;-0.15375336473999823;1.2790612433457795
V/Pose_estimation(13053): position;62.0288;259.338;266.1795
V/Pose_estimation(13053): position_fused;0.7584110498428345;-0.12193643301725388;0.6402707099914551;-0.6417661309242249;0.03180920332670212;0.7662400007247925;-0.11379826813936234;-0.9920293688774109;-0.054131198674440384;62.02877612291873;259.3379907414284;266.1795185716832;
V/Pose_estimation(13053): stdev;0.10307933140617025;0.024059094888919684;0.014673644410722775
V/Pose_estimation(13053): variance;0.010625348563143075;5.788400468740413E-4;2.1531584029233573E-4
V/Pose_estimation(13053): mean;-7.070879117250442;-3.3132026744633913;9.94301191329956
V/Pose_estimation(13053): position_fused;0.7586795091629028;-0.12025482952594757;0.6402707099914551;-0.64183509349823;0.030386362224817276;0.7662400007247925;-0.11159874498844147;-0.9922792315483093;-0.05413123592734337;62.02877612291873;259.3379907414284;266.1795185716832;
V/Pose_estimation(13053): error;0.3093117088192301;0.0036428719635068774;1.019795607500214
V/Pose_estimation(13053): position;62.115;259.1806;266.4388
V/Pose_estimation(13053): position_fused;0.7586795091629028;-0.12025482952594757;0.6402707099914551;-0.64183509349823;0.030386362224817276;0.7662400007247925;-0.11159874498844147;-0.9922792315483093;-0.05413123592734337;62.115036584405566;259.1805945047249;266.4387842075288;
V/Pose_estimation(13053): stdev;0.12141086919806185;0.02357649917001272;0.004996948264670209
V/Pose_estimation(13053): variance;0.014740599159428883;5.558513131136105E-4;2.496949195979061E-5
V/Pose_estimation(13053): mean;-6.9587323582172385;-3.304969794824719;9.980164585113526
V/Pose_estimation(13053): position_markerdetection;0.12536761633919968;0.9919691337957828;0.016739126914856364;0.8690558241299439;-0.10166356418977625;-0.48415544431727253;-0.4785654974183279;0.0752446497279088;-0.8748218717933797;61.27709548700815;257.95304377689627;265.7328309918673;
V/Pose_estimation(13053): position_markerdetection;0.12536761633919968;0.9919691337957828;0.016739126914856364;0.8690558241299439;-0.10166356418977625;-0.48415544431727253;-0.4785654974183279;0.0752446497279088;-0.8748218717933797;61.27709548700815;257.95304377689627;265.7328309918673;
V/Pose_estimation(13053): position_fused;0.7600895762443542;-0.11389122158288956;0.6397616863250732;-0.6410099267959595;0.030151041224598885;0.7669396996498108;-0.10663636773824692;-0.9930369257926941;-0.05008888244628906;62.115036584405566;259.1805945047249;266.4387842075288;
V/Pose_estimation(13053): error;-0.7422054791679145;-0.9151482542068266;-0.677457708934071
V/Pose_estimation(13053): position;62.0193;258.8682;266.4103
V/Pose_estimation(13053): position_fused;0.7600895762443542;-0.11389122158288956;0.6397616863250732;-0.6410099267959595;0.030151041224598885;0.7669396996498108;-0.10663636773824692;-0.9930369257926941;-0.05008888244628906;62.01930096617606;258.8681920311031;266.41028870080135;
V/Pose_estimation(13053): stdev;0.08718832379635386;0.029180868508028472;0.01976091993834416
V/Pose_estimation(13053): variance;0.007601803806417844;8.515230868828478E-4;3.904939568096478E-4
V/Pose_estimation(13053): mean;-6.900623170137405;-3.3150887561589477;9.931366214752199
I/Pose_estimation(13053): --------- Gyroscope has been reset with accel ----------
V/Pose_estimation(13053): position_fused;0.7600895762443542;-0.11205695569515228;0.6400855779647827;-0.6410099267959595;0.032349299639463425;0.7668500542640686;-0.1066363975405693;-0.9931764006614685;-0.04724223166704178;62.01930096617606;258.8681920311031;266.41028870080135;
V/Pose_estimation(13053): error;-0.6522009768720309;-0.6356530181319044;-0.6472204911569861
V/Pose_estimation(13053): position;61.9293;258.5887;266.3801
V/Pose_estimation(13053): position_fused;0.7600895762443542;-0.11205695569515228;0.6400855779647827;-0.6410099267959595;0.032349299639463425;0.7668500542640686;-0.1066363975405693;-0.9931764006614685;-0.04724223166704178;61.92929646388018;258.58869679502817;266.38005148302426;
V/Pose_estimation(13053): stdev;0.03732519562995549;0.029862620679004352;0.01987715681549162
V/Pose_estimation(13053): variance;0.0013931702288144483;8.917761138180983E-4;3.9510136306764493E-4
V/Pose_estimation(13053): mean;-6.8262876904010765;-3.3233515752106904;9.926216945648195
V/Pose_estimation(13053): position_fused;0.7598958015441895;-0.11202957481145859;0.6403203010559082;-0.6409516930580139;0.03506417199969292;0.7667794227600098;-0.10835347324609756;-0.9930873513221741;-0.045161399990320206;61.92929646388018;258.58869679502817;266.38005148302426;
V/Pose_estimation(13053): position_markerdetection;0.1251137513500675;0.9920146631457847;0.01592034317684567;0.8716201572957245;-0.10223581296277534;-0.4794018564248757;-0.4739460418854557;0.07385625668550681;-0.8774510828128907;61.70729929996678;256.05873680639394;268.6096820184682;
V/Pose_estimation(13053): error;-0.20148202602607768;-2.002346435248171;1.834400311342506
V/Pose_estimation(13053): position;61.9088;258.0611;266.7753
V/Pose_estimation(13053): position_markerdetection;0.1251137513500675;0.9920146631457847;0.01592034317684567;0.8716201572957245;-0.10223581296277534;-0.4794018564248757;-0.4739460418854557;0.07385625668550681;-0.8774510828128907;61.70729929996678;256.05873680639394;268.6096820184682;
V/Pose_estimation(13053): position_fused;0.7598958015441895;-0.11202957481145859;0.6403203010559082;-0.6409516930580139;0.03506417199969292;0.7667794227600098;-0.10835347324609756;-0.9930873513221741;-0.045161399990320206;61.908781325992855;258.0610832416421;266.7752817071257;
V/Pose_estimation(13053): stdev;0.04041447717181655;0.0181833451330312;0.029306526058790038
V/Pose_estimation(13053): variance;0.0016333299650712811;3.3063404022692943E-4;8.588724696345396E-4
V/Pose_estimation(13053): mean;-6.8615543282032005;-3.3730482318997383;9.850175151824953
V/Pose_estimation(13053): position_fused;0.7593913674354553;-0.11310796439647675;0.6407290101051331;-0.6407819390296936;0.040719617158174515;0.7666417956352234;-0.11280274391174316;-0.9927492737770081;-0.041556376963853836;61.908781325992855;258.0610832416421;266.7752817071257;
V/Pose_estimation(13053): error;-0.1815821536065343;-1.529101595159375;1.476494456754267
V/Pose_estimation(13053): position;61.8889;257.5878;267.1332
V/Pose_estimation(13053): position_fused;0.7593913674354553;-0.11310796439647675;0.6407290101051331;-0.6407819390296936;0.040719617158174515;0.7666417956352234;-0.11280274391174316;-0.9927492737770081;-0.041556376963853836;61.88888145357331;257.5878384015533;267.13318756171395;
V/Pose_estimation(13053): stdev;0.02825304440738364;0.014172593249229024;0.013552060382644412
V/Pose_estimation(13053): variance;7.98234518285592E-4;2.0086239940809208E-4;1.8365834061484022E-4
V/Pose_estimation(13053): mean;-6.889366475343704;-3.3867297822237012;9.795209560394287
V/Pose_estimation(13053): position_fused;0.7576410174369812;-0.1137840524315834;0.6426785588264465;-0.6416180729866028;0.050616584718227386;0.7653518319129944;-0.11961422860622406;-0.9922165870666504;-0.03465766832232475;61.88888145357331;257.5878384015533;267.13318756171395;
V/Pose_estimation(13053): position_markerdetection;0.12150091546190966;0.9925126900177056;0.01249350614263084;0.8749621438050572;-0.10115026920160343;-0.4735080463397656;-0.4686990233081101;0.06846300602705982;-0.8807008813188291;62.37511566078765;253.77136584947925;271.4262374522935;
V/Pose_estimation(13053): position_markerdetection;0.12150091546190966;0.9925126900177056;0.01249350614263084;0.8749621438050572;-0.10115026920160343;-0.4735080463397656;-0.4686990233081101;0.06846300602705982;-0.8807008813188291;62.37511566078765;253.77136584947925;271.4262374522935;
V/Pose_estimation(13053): error;-0.16413327279509815;-1.0641099617570262;1.128447129704739
V/Pose_estimation(13053): position;61.8714;257.1228;267.4812
V/Pose_estimation(13053): position_fused;0.7576410174369812;-0.1137840524315834;0.6426785588264465;-0.6416180729866028;0.050616584718227386;0.7653518319129944;-0.11961422860622406;-0.9922165870666504;-0.03465766832232475;61.871432572761876;257.12284676815096;267.4812348887635;
V/Pose_estimation(13053): stdev;0.021958829343711843;0.0130067481655788;0.03732628951060178
V/Pose_estimation(13053): variance;4.8219018614626026E-4;1.6917549784278745E-4;0.0013932518886292605
V/Pose_estimation(13053): mean;-6.904634705781936;-3.406279128193855;9.84652276992798
V/Pose_estimation(13053): position_fused;0.7565746903419495;-0.11141695827245712;0.6443473100662231;-0.6432710289955139;0.05019921436905861;0.7639906406402588;-0.11746644228696823;-0.9925063848495483;-0.03369281068444252;61.871432572761876;257.12284676815096;267.4812348887635;
V/Pose_estimation(13053): error;0.4232687943946445;-2.689738993144374;3.2673206956248464
V/Pose_estimation(13053): position;61.9518;256.4611;268.1589
V/Pose_estimation(13053): position_fused;0.7565746903419495;-0.11141695827245712;0.6443473100662231;-0.6432710289955139;0.05019921436905861;0.7639906406402588;-0.11746644228696823;-0.9925063848495483;-0.03369281068444252;61.951846866393005;256.4611048426236;268.15891675666865;
V/Pose_estimation(13053): stdev;0.016284858381359298;0.013493174429684132;0.030724981625462534
V/Pose_estimation(13053): variance;2.6519661250092816E-4;1.820657561898817E-4;9.440244958850104E-4
V/Pose_estimation(13053): mean;-6.839190808534622;-3.4074466997385024;9.881938991546631
V/Pose_estimation(13053): position_fused;0.7555678486824036;-0.10671969503164291;0.6463207006454468;-0.6450796723365784;0.05045248940587044;0.7624473571777344;-0.11397583037614822;-0.9930095672607422;-0.030723389238119125;61.951846866393005;256.4611048426236;268.15891675666865;
V/Pose_estimation(13053): error;0.34767379506418905;-2.0525689763193213;2.627808713571369
V/Pose_estimation(13053): position;62.0274;255.8239;268.7984
V/Pose_estimation(13053): position_fused;0.7555678486824036;-0.10671969503164291;0.6463207006454468;-0.6450796723365784;0.05045248940587044;0.7624473571777344;-0.11397583037614822;-0.9930095672607422;-0.030723389238119125;62.02744186572346;255.82393482579857;268.7984287387221;
V/Pose_estimation(13053): stdev;0.034760463321899804;0.013373630138419159;0.03512958109662577
V/Pose_estimation(13053): variance;0.0012082898103531416;1.7885398307923326E-4;0.0012340874680244066
V/Pose_estimation(13053): mean;-6.7150689518451685;-3.4176854068040847;9.90993085861206
V/Pose_estimation(13053): position_fused;0.7536057233810425;-0.10423297435045242;0.6490117311477661;-0.6476096510887146;0.05141662806272507;0.7602350115776062;-0.11261074244976044;-0.9932242631912231;-0.028755376115441322;62.02744186572346;255.82393482579857;268.7984287387221;
V/Pose_estimation(13053): error;0.2783198994647762;-1.48436160968987;2.0509221855161854
V/Pose_estimation(13053): position;62.0968;255.2557;269.3753
V/Pose_estimation(13053): position_fused;0.7536057233810425;-0.10423297435045242;0.6490117311477661;-0.6476096510887146;0.05141662806272507;0.7602350115776062;-0.11261074244976044;-0.9932242631912231;-0.028755376115441322;62.09679576132287;255.25572745916912;269.3753152667773;
V/Pose_estimation(13053): stdev;0.01788072297278177;0.018089954676056976;0.017870444974178102
V/Pose_estimation(13053): variance;3.1972025402936575E-4;3.2724646018179567E-4;3.193528035751274E-4
